<!DOCTYPE html>
<html lang="en">

<head>
  <meta charset="UTF-8">
  <meta name="viewport" content="width=device-width, initial-scale=1.0">
  <title>Correlation Matrix</title>
  <link rel="stylesheet" type="text/css" href="corr-matrix.css" />
  <script type="text/javascript" src="https://cdnjs.cloudflare.com/ajax/libs/d3/3.5.17/d3.min.js"></script>
</head>

<body>
  <div style="display:inline-block;" id="legend"></div>
  <div style="display:inline-block; float:left" id="container"></div>
  <script src="corr-matrix.js"></script>

  <script>

    var correlationMatrix = [[1.0, 0.5153348607911757, -0.2299219654899505, 0.13325983958915777, 0.04324800783723431, -0.14048112272112326, -0.14127326538343593, 0.08781864036680126, 0.052329759612218134, 0.08781864036680126, 0.02914629774469533, 0.08781864036680126, 0.0047866924661768935, 0.08781864036680126],
      [0.5153348607911757, 1.0, 0.12237655939786225, -0.12859511678657437, 0.081224467784519, 0.01989353958839237, 0.02234297412224211, 0.08099563070435929, 0.05908797687145043, 0.08099563070435929, 0.08795613589943256, 0.08099563070435929, 0.05628138884964234, 0.08099563070435929],
      [-0.2299219654899505, 0.12237655939786225, 1.0, -0.3361284208616917, 0.07463689461325207, 0.2351281934796436, 0.2416370753176574, -0.08293869536459379, -0.051994489428363135, -0.08293869536459379, -0.05524308760508022, -0.08293869536459379, -0.03432447817467916, -0.08293869536459379],
      [0.13325983958915777, -0.12859511678657437, -0.3361284208616917, 1.0, 0.09609919520941552, -0.32123040546560644, -0.3242298665272391, 0.42511266631960165, -0.32986157130743743, 0.42511266631960165, -0.24010160303469538, 0.42511266631960165, -0.05008643105153385, 0.42511266631960165],
      [0.04324800783723431, 0.081224467784519, 0.07463689461325207, 0.09609919520941552, 1.0, -0.10463370784172056, -0.10755938129372647, 0.7026596115481292, -0.09898893394070338, 0.7026596115481292, -0.11552366115519064, 0.7026596115481292, -0.07314133105862876, 0.7026596115481292],
      [-0.14048112272112326, 0.01989353958839237, 0.2351281934796436, -0.32123040546560644, -0.10463370784172056, 1.0, 0.99729060742647, -0.17008629430507577, 0.2759817378645123, -0.17008629430507577, 0.31604500119338047, -0.17008629430507577, 0.29945691916376205, -0.17008629430507577],
      [-0.14127326538343593, 0.02234297412224211, 0.2416370753176574, -0.3242298665272391, -0.10755938129372647, 0.99729060742647, 1.0, -0.1764233511964594, 0.27798762412053235, -0.1764233511964594, 0.31774780080914605, -0.1764233511964594, 0.2998278387557343, -0.1764233511964594],
      [0.08781864036680126, 0.08099563070435929, -0.08293869536459379, 0.42511266631960165, 0.7026596115481292, -0.17008629430507577, -0.1764233511964594, 1.0, -0.19836427599857, 1.0, -0.15859780853150676, 1.0, -0.02682991420206038, 1.0],
      [0.052329759612218134, 0.05908797687145043, -0.051994489428363135, -0.32986157130743743, -0.09898893394070338, 0.2759817378645123, 0.27798762412053235, -0.19836427599857, 1.0, -0.19836427599857, 0.8243648190336548, -0.19836427599857, 0.6674125949812334, -0.19836427599857],
      [0.08781864036680126, 0.08099563070435929, -0.08293869536459379, 0.42511266631960165, 0.7026596115481292, -0.17008629430507577, -0.1764233511964594, 1.0, -0.19836427599857, 1.0, -0.15859780853150676, 1.0, -0.02682991420206038, 1.0],
      [0.02914629774469533, 0.08795613589943256, -0.05524308760508022, -0.24010160303469538, -0.11552366115519064, 0.31604500119338047, 0.31774780080914605, -0.15859780853150676, 0.8243648190336548, -0.15859780853150676, 1.0, -0.15859780853150676, 0.8067901106768751, -0.15859780853150676],
      [0.08781864036680126, 0.08099563070435929, -0.08293869536459379, 0.42511266631960165, 0.7026596115481292, -0.17008629430507577, -0.1764233511964594, 1.0, -0.19836427599857, 1.0, -0.15859780853150676, 1.0, -0.02682991420206038, 1.0],
      [0.0047866924661768935, 0.05628138884964234, -0.03432447817467916, -0.05008643105153385, -0.07314133105862876, 0.29945691916376205, 0.2998278387557343, -0.02682991420206038, 0.6674125949812334, -0.02682991420206038, 0.8067901106768751, -0.02682991420206038, 1.0, -0.02682991420206038],
      [0.08781864036680126, 0.08099563070435929, -0.08293869536459379, 0.42511266631960165, 0.7026596115481292, -0.17008629430507577, -0.1764233511964594, 1.0, -0.19836427599857, 1.0, -0.15859780853150676, 1.0, -0.02682991420206038, 1.0]];

    var labels = ['Var 1', 'Var 2', 'Var 3', 'Var 4', 'Var 5', 'Var 6', 'Var 7', 'Var 8', 'Var 9', 'Var 10'];

    Matrix({
      container: '#container',
      data: correlationMatrix,
      labels: labels,
      start_color: '#ffffff',
      end_color: '#ff0000'
    });

  </script>
</body>